#900
5280
1557
4159
8070
4987
2462
3835
4600
2947
5919
4044
7587
3383
2847
2099
5660
1846
1662
8192
2724
2004
2042
3739
2907
1718
198
8163
79
4290
2753
7582
5942
2193
7866
8754
1571
4553
8085
6434
511
807
4732
7462
4232
8901
880
2762
3107
2692
5069
5975
7611
8120
479
394
6838
4416
6933
7708
3217
1926
905
6869
5690
1876
4308
2712
247
2320
5424
4367
2509
3094
1782
2114
6588
1027
1906
929
8711
5190
4437
6720
4165
3089
6120
918
3194
7903
8745
7282
4972
8547
1553
8224
872
375
2867
5342
1129
2269
5324
8600
4344
3342
3647
8371
5514
1931
2880
1499
5471
6037
6068
7814
1837
8472
2605
7063
5469
6576
6774
3429
3315
6999
2417
4283
3191
70
6193
1169
7449
6301
4659
6340
4387
5049
4460
2170
7935
3480
6534
1615
381
935
2648
604
8399
3057
5500
1130
5491
4895
6605
2745
3302
3564
2661
8045
3236
1254
3885
8233
8915
137
6739
8840
7685
7777
6390
4153
2036
3316
3964
8572
4511
5788
1340
2387
4844
4321
4123
2735
7910
2205
6620
6863
4574
7816
3016
7711
4403
3923
4268
5095
3597
4072
8987
4713
6358
7312
2057
7483
5776
958
2663
8278
2166
6426
3557
3499
7813
7226
6624
1663
6959
4657
5370
2299
1493
7054
982
7079
7744
4272
4350
7976
4323
2419
4757
6293
8049
1303
5289
4582
2956
8527
7243
1495
6781
2105
3430
1133
6457
3895
5914
4562
4834
2598
5908
8948
3853
7027
8126
2761
1408
495
5693
235
7821
7689
8943
7104
6011
1587
2426
3334
8143
558
4097
3748
3551
4868
4839
740
8602
921
5046
4944
3558
1614
4741
7556
6374
4725
274
5677
1316
814
8467
1121
4265
5495
1761
6337
6160
3501
1085
7732
6902
3731
4472
5936
64
6321
6241
1402
1292
7864
441
6133
3520
1274
2921
4566
1131
7061
6984
6360
2700
5553
7248
2561
3360
6052
2964
5441
207
2549
8196
8914
3873
3959
162
4371
3797
2784
5204
2588
8284
3852
2038
4106
8883
4787
3460
431
3347
3048
2789
7403
2817
1715
322
7703
2023
3306
3170
1370
2558
3421
8013
4211
7194
2555
3933
7023
7958
5284
5085
3095
2818
7934
5512
8532
2599
675
6522
2450
2350
2080
4880
4494
3262
7875
8336
8414
855
242
1087
8022
5020
7034
4320
1392
3827
6775
8672
2951
1701
4347
7497
1013
411
1593
6923
239
4019
3155
4956
5244
2112
8863
3971
6841
4664
1524
5605
6391
2466
948
1333
2756
3268
244
4748
3458
601
7069
6168
1025
2122
5479
5118
8895
820
6753
6595
1619
241
1100
8727
931
7752
4936
5779
6640
8276
3271
1261
3567
5623
5073
6256
5425
493
8932
3867
6122
7770
8456
8396
8691
510
462
169
3246
932
3633
2997
8916
5985
7106
977
887
2927
467
3471
4196
3614
685
871
4581
6124
7096
4905
208
2158
3804
1746
7589
3104
6536
4833
4230
3527
3195
6131
3169
6186
2152
8153
6807
1552
8123
6799
6142
3989
7416
2686
2402
591
1866
3264
5752
4493
4930
2683
8508
2142
1805
8528
5973
8821
355
5044
4649
8144
7887
1017
7109
5065
1584
7953
5141
3140
5631
6267
5669
7944
2226
5661
5107
1438
4069
7322
7491
3680
7561
1334
1232
4618
7235
5732
112
709
6286
4407
8517
8834
6939
6249
2855
3960
1170
2635
6557
2140
8325
2660
3229
2655
1631
8826
6405
5306
2421
2524
8114
4284
743
5600
2998
4360
1389
5446
4291
5278
6861
5219
4614
8351
188
1161
4313
2750
1320
7597
1070
6924
5451
3509
8829
4551
782
6380
6817
3286
2383
2391
898
2985
1296
7407
2840
6144
4318
2032
5992
1833
1171
8696
6636
6932
5444
5114
2249
5502
1608
2062
290
4686
1141
2353
3446
6819
8801
3926
2422
4421
2656
47
1540
3601
922
5954
7404
1016
346
4534
4354
7336
581
4954
4199
1356
8150
2012
4451
8578
4701
8228
2720
5628
3936
4567
6382
3364
5865
8809
5612
3978
5552
5142
568
35
6309
4491
1074
4869
3473
4093
2285
7080
7794
1080
8693
6481
4467
6050
6066
1776
7571
5879
6345
5222
4448
7657
4765
5160
6307
1983
1311
5863
885
2180
8927
3526
552
4513
1735
6315
682
3426
3753
7242
5326
2705
1420
6287
680
5147
8488
525
1648
2889
1398
7073
8875
2702
7570
1988
4641
7900
6152
7140
1838
2381
8462
6494
5821
1636
182
6803
2400
8134
2210
1889
8677
2730
6466
2608
4762
7648
2428
7006
7630
4631
7102
2176
1339
7802
6410
3820
7139
4594
7584
111
237
3756
6065
5943
2291
7572
7302
2615
7395
8639
7535
3673
8387
4504
76
4182
7277
5755
2405
5128
5910
8474
769
1881
1620
2775
2278
4440
8825
6408
4496
810
7766
2262
7636
5571
484
6805
3328
3071
8601
3261
8451
7350
3560
3686
3059
8200
4710
1195
3658
6333
5531
4612
1491
3034
227
8127
1708
569
7326
6226
7176
5379
3546
2055
7477
6673
4004
963
8736
8156
2759
4959
3365
4316
655
6277
4342
3010
6073
5764
7843
4107
7658
8137
764
4091
4167
1893
8229
1592
6985
4475
5877
2538
2414
4809
3785
5810
128
7001
1863
5462
3272
6284
4724
3122
5052
3260
2188
6280
8773
1297
3074
8516
4985
1044
412
4714
2995
8786
58
339
6209
8968
6894
3224
3189
3093
4897
8354
