#650
2959
970
5975
5276
4001
1831
1943
2678
2716
1655
5224
3693
952
246
1094
2457
5582
6313
2502
5654
4863
2030
6179
1517
4025
5086
2660
4091
4730
3600
2404
297
3988
5234
5512
2158
435
4717
850
3183
4262
3146
3444
739
2043
3014
2226
5475
3654
5854
6340
2708
5376
4239
4145
5200
3781
5153
2938
3736
4999
3754
3038
1284
3337
3363
4217
3209
6087
5552
891
1065
313
254
3717
4280
1343
3435
3032
2492
4604
3224
1251
6473
4498
1162
886
5624
4108
1279
380
6040
2228
4327
6499
3792
4106
2229
4912
2382
5438
3132
5354
1421
1701
3204
3591
4514
764
3084
3104
2803
2862
3226
2835
3405
506
59
5589
1852
4530
2980
3172
663
1197
4226
1787
3169
2054
3493
4142
1742
4392
1078
3099
3725
2626
754
3199
1058
2246
4806
785
1549
5999
4455
462
6377
227
812
601
5189
1697
3918
2951
4926
1796
1499
5570
6358
3952
1689
2303
6208
3904
1571
2006
3361
4166
1394
4033
5371
6238
4656
4279
744
4650
5803
652
2748
4780
3613
2294
1988
6311
2233
2068
3953
3427
3919
4395
2499
4298
3568
1015
987
1939
1791
5004
1866
6175
228
4785
2794
5972
335
1232
2200
1771
1423
3044
6454
1766
3893
2287
2426
3569
655
6092
5283
6387
5171
3130
5098
3210
3936
6303
2332
1051
6367
124
6226
5268
1001
3494
62
3119
170
4790
2271
5828
2428
1851
4460
703
3670
1230
5355
3370
5953
2724
5436
2073
1716
4562
252
128
2192
976
4592
4354
1411
6484
6269
5621
990
3915
2619
4086
2035
1621
5403
941
3118
2771
6143
5445
4812
277
5079
2056
5181
3533
2873
3504
2594
50
2668
3980
4420
2656
1061
3469
623
5757
147
4111
4714
1636
5732
2429
1819
2322
2967
3619
3992
118
1841
317
5958
2971
1676
6209
4167
4688
6324
2537
2129
162
1202
4285
2168
1151
141
1561
5132
4462
940
1548
6013
3892
333
3597
4946
6195
3450
4138
5808
144
3077
4636
5873
1379
5337
3742
474
4162
426
1133
2086
3056
3313
5962
836
5029
5330
4703
504
918
3632
2546
3635
2109
2038
1497
1646
3583
4735
4059
1618
4030
900
3560
1581
6452
1109
4966
5612
1958
5335
633
5207
5018
2143
5281
5229
5286
1255
6372
1198
5463
145
6012
2764
713
5863
345
2018
2576
2821
1199
3758
1698
4110
3066
4811
1122
3198
1777
1050
1285
3730
4854
624
3223
2655
2397
4506
1687
2693
6046
4419
3637
3446
5253
1987
418
6027
761
1070
4766
5304
283
2213
6030
4844
3107
20
4441
1963
5921
2929
2511
5733
3007
773
724
267
5322
937
218
253
4810
1857
3141
5578
1445
2640
4179
5238
354
258
614
6018
4454
5328
1793
1422
1757
5373
3398
3771
3179
3860
3946
4627
4666
2239
6247
1292
4164
2324
2032
746
4210
3420
3245
1784
4609
6200
490
6065
1101
5210
1425
3768
2162
6225
3275
2793
2670
5163
2582
5028
2527
5284
6213
1624
2701
682
5432
1127
3362
1270
6210
4426
6371
5889
727
1095
3011
4500
5120
591
2296
957
4796
4583
645
5047
5770
2772
1229
5716
6412
3526
597
1695
3819
1349
6356
302
644
6374
4016
4691
5531
350
4734
5602
3688
696
2584
3991
1008
2136
3641
6007
2300
8
6329
6011
4046
6290
6104
5879
239
3016
762
6022
1617
3423
2810
2062
194
2483
3023
4657
3123
2364
2993
2346
1504
2689
932
191
6122
286
381
4407
5543
4503
2871
422
5840
4720
2374
2067
934
5389
1282
2444
2597
5460
4116
3901
4346
735
1129
1179
5929
5308
169
3158
3865
2416
4123
143
1066
1783
6233
4358
5586
1289
260
2931
1223
1213
870
1966
4082
3002
757
1226
4191
5743
3602
3125
6399
5305
590
58
5592
3403
1746
1612
2112
5114
4663
3868
