#250
714
847
1765
1816
1219
2419
181
1216
2080
1092
417
1675
1713
1518
1030
2465
816
2132
185
484
1014
1122
80
565
1788
2055
1520
1166
2179
1522
1894
167
139
535
1854
2427
1930
537
797
1653
812
1801
1330
1900
1314
2003
137
2108
314
2377
317
2239
120
403
719
262
2060
2365
2471
1285
1053
1366
12
466
770
679
1823
1076
2170
757
2268
999
2383
2416
1710
2059
575
738
1220
2398
2120
932
875
425
1185
1565
2115
1751
1551
231
51
794
2011
2389
1566
2076
180
1527
1813
2351
1069
1008
754
204
998
2198
1613
1706
1035
1211
1508
1748
1501
2277
814
394
1869
149
1774
2161
1272
1202
2209
1261
156
183
1691
1871
1052
1685
307
1560
108
2330
2498
717
2107
627
1495
352
1324
1451
1430
1702
540
1579
43
482
1080
734
1082
1824
563
1723
561
2463
639
604
1113
1858
277
445
2224
1703
1416
2000
970
117
721
1450
1443
2077
1123
1868
1271
2367
5
1659
2469
646
1016
1509
768
868
821
1318
744
859
1332
159
2492
1187
202
443
340
162
1258
1742
1632
1548
1395
457
1614
109
888
125
1160
500
1304
128
2034
2205
764
1879
1968
767
2284
929
57
113
2188
1165
630
1427
1624
1674
338
2040
2458
1242
607
1636
2116
1586
2382
2118
2218
252
2490
1295
953
1493
1217
2347
1206
470
877
2229
1368
151
