#750
3997
6479
1125
6084
3979
1997
5582
7451
5467
6423
3605
1556
5157
772
1254
873
4924
7208
5860
884
4042
4580
3762
1115
2814
7447
7081
7407
4187
4000
3103
4768
6404
5289
3039
5445
4846
370
1061
1144
5779
263
203
6163
5444
6614
2123
273
441
692
4943
1323
2805
5256
7311
6250
389
3824
5292
702
6321
637
6384
4396
7071
5803
1400
360
6793
1407
5644
2620
5178
5698
6281
5380
612
403
1494
394
6332
6222
532
5948
6958
4301
7310
7387
5671
616
2726
3766
3892
2101
3798
2377
5820
3761
3531
5307
6919
2065
1672
2376
4080
5805
2934
800
725
3245
5905
2067
6761
2803
2631
1465
5457
5447
6684
542
6747
6931
4121
5482
6600
5216
5430
2573
5055
1199
5633
5274
3909
4730
3273
3690
2070
1525
7080
2592
2654
3053
1314
3620
7460
779
4635
1063
2308
2217
3611
1899
51
1608
1184
5402
4167
1181
6279
4353
2669
4045
7231
7284
173
4706
5771
1022
2744
6711
1099
6364
7147
5521
3517
5678
3809
2461
2874
5951
3977
4157
6282
2363
4585
3771
5903
1066
5113
4850
5317
7352
3420
315
658
419
3029
2103
5378
5057
1909
7363
1624
2364
5406
6656
4640
5702
1850
1677
6421
6714
5224
2387
3253
2703
1588
3065
6095
1835
1277
6884
2244
1667
2346
1634
806
199
5588
2852
122
4698
2796
3161
4397
4653
4130
6301
2856
2135
4044
3968
1688
4418
3808
7155
1064
546
7487
2533
3791
5599
1996
3477
1318
3168
2795
4282
1296
765
1934
4067
706
6988
7184
89
6926
2149
1919
5979
1513
7401
5700
4955
2130
4046
5726
2393
4135
6031
7120
2518
402
400
426
6636
3121
5319
376
2168
4641
5159
3956
2408
4848
3487
7126
3158
5707
5093
4897
7112
7079
4791
5787
5365
7051
4998
4760
2017
7044
5906
3319
2769
3627
1622
3411
1772
7404
2084
4903
7108
2307
3521
2960
5475
3428
4468
852
7144
4383
843
6446
3450
2237
308
1488
4365
5760
2683
6717
5121
429
5056
956
6552
325
5836
4005
1549
5190
5428
4879
818
6234
1493
5369
2040
5724
1892
5597
7384
611
1017
1847
226
2636
2553
5072
6590
4857
5517
5012
1289
605
1597
3707
2521
210
4611
1260
998
5172
2777
2709
5452
395
1468
5558
4309
5373
7463
6944
4329
7240
328
2336
4183
6760
7113
7372
256
59
3626
7292
1321
121
5150
1018
7077
7061
5574
4421
5733
4003
3479
6088
1516
4806
6033
6048
1627
6767
523
1256
7143
3788
1005
5133
1443
4367
418
4702
4483
1776
4272
6377
3263
4160
2463
975
4007
158
196
6389
3524
3294
3835
3084
2153
208
2003
6099
184
2915
4864
2603
4387
6212
6937
3062
6798
6470
5175
1961
944
3742
201
7280
3211
5249
3058
6477
2993
6211
3233
505
5142
4484
6035
1819
2697
3673
5023
7019
3613
3064
6098
5538
64
2843
5257
2830
495
4835
4245
5266
5073
5708
4265
6213
6868
6739
3971
3023
3512
7276
6855
5814
5433
2166
245
4496
3060
6054
4360
3769
2894
2403
3723
3464
4679
3436
699
4512
3741
5791
6018
7018
7186
1369
5559
3888
3287
2120
5628
5587
3951
1430
31
432
3463
467
5699
3083
2472
7462
5939
5246
966
373
1982
2056
4891
2117
4921
5829
440
3010
3914
3662
4890
1477
6796
4051
733
7175
2169
3091
3669
1481
6118
2246
897
6022
7060
5199
7498
994
5291
6474
6340
4853
2195
1444
425
3046
5210
5922
502
3257
1506
4363
3693
5048
5098
5782
6890
3112
988
4033
2184
6773
3918
4953
2520
3402
4120
6562
1785
5525
7296
1715
845
2624
352
2198
6198
2064
5463
3685
3368
5485
6519
5351
2173
4840
6406
4875
1378
516
6619
3155
2226
6683
5579
1459
92
4132
2771
2109
4778
6697
860
119
827
841
1388
1130
4420
5321
1971
5117
6270
4084
3696
6620
1159
5902
3686
6029
2455
4871
6983
90
6942
6558
1411
5074
2351
1628
3174
3647
7022
1578
6708
211
3332
7136
6791
2102
3899
3873
3312
3694
3706
3284
1544
1327
2827
5043
3797
1933
5753
1438
1278
656
336
5357
177
3189
241
1045
1662
1825
7434
1599
3172
3500
5901
6305
6233
5929
1760
6795
7261
7181
610
5843
4797
4865
3358
6902
5201
3566
2407
6540
6962
6719
3547
4069
5943
4826
5275
5207
4870
6770
5595
353
7350
7408
1704
4651
1789
6982
6162
6502
4415
1932
6302
