#950
835
3192
3116
3853
1905
975
539
5983
335
644
2126
3085
2355
4078
4461
310
794
458
6247
2786
4207
1141
4485
4509
3683
3057
3398
1014
1649
1012
690
4870
1690
2093
225
2016
5386
5710
827
2500
5016
5166
3445
1318
4685
6058
3365
2112
4007
747
3043
3556
5620
4658
5365
4923
3979
2874
5251
1983
4508
5443
2335
3269
6015
761
3093
2882
4305
4231
1672
1203
2599
3322
1177
3716
1523
4128
2979
5481
99
1883
597
2454
5581
4183
4794
2482
240
4240
3833
5665
3294
1250
2854
3946
3821
764
3387
1565
5613
5909
29
1658
1390
662
1916
2713
5918
5326
1786
1044
1524
2032
4076
2759
1991
421
4718
5068
899
3596
5993
3842
3151
4499
3779
63
5179
3830
92
5618
2722
4268
3605
3455
2962
3633
5418
5658
965
1056
6241
5719
1603
2331
2595
5959
4557
5754
4109
5445
1609
4122
4951
4216
5874
4640
4562
3391
4112
4487
6263
576
5978
1676
5389
2328
1334
4273
5331
1270
1584
2890
5161
3255
1626
1906
5057
4598
118
4789
6158
795
5342
5606
2570
3963
3915
2488
6036
1175
4462
5718
4934
2696
672
1572
3567
1579
3281
2753
2462
3955
862
2296
6244
200
2654
1315
5131
138
2403
5168
246
5917
3523
1714
4580
713
501
3291
1112
4813
1293
4904
2579
4566
698
5246
6068
3345
4599
2943
2292
2154
5181
3527
3336
4591
5814
5822
3175
4031
2776
5819
816
4826
101
1025
847
4585
5116
6253
2487
3991
2974
1977
4608
1397
1065
1432
2356
1434
475
2006
4954
2593
382
837
2766
1196
3029
5026
2026
4742
3764
4556
3180
289
2035
3125
2123
1424
5084
4245
4832
5209
5751
2189
6071
1752
2204
4698
6106
5764
728
1213
5156
3650
146
760
1520
3425
966
813
3462
1535
5403
6225
3148
3820
4682
859
3216
2428
2022
689
349
6026
618
1261
4019
6119
4783
3018
2242
994
5752
4782
5367
4884
3809
2046
5635
6094
755
825
4029
2727
1346
6173
1137
2552
392
2621
4617
738
4016
4822
3286
2688
3370
5693
191
1443
3383
2772
4137
5965
4442
2104
1812
5174
1664
1610
5652
5749
5678
6210
5519
2493
2311
2867
1708
4692
3910
706
4868
2038
5547
1497
2792
4751
3075
4831
1702
4886
3254
1441
2633
5283
264
2691
2634
2596
4139
5203
1614
842
4403
1146
6075
5218
109
2859
2954
4469
1191
1429
2334
2888
5930
4583
4644
3072
4780
6156
5898
4925
6093
4941
3484
2252
5566
4836
1793
5949
4472
366
76
1353
5437
1194
244
4028
193
2180
5682
455
5640
4907
3871
5601
2086
4843
409
1763
5075
587
2737
2323
1285
2517
1783
4131
4579
2010
6170
4879
3369
5573
4595
757
1007
2779
4740
1251
3083
558
2987
2547
5607
4999
1530
6092
1514
3953
6186
271
4303
5714
3640
2140
4849
2819
4103
5810
1931
2301
293
4913
869
1533
2281
4446
4668
4008
318
2603
104
4363
4890
658
1371
3806
593
6079
5688
1867
4194
1908
867
877
880
5318
4719
3208
5888
413
6211
4329
1644
5746
3697
4729
4545
4027
1636
420
1027
430
607
319
5736
2194
2631
2945
2117
1041
5029
1431
5036
2433
3438
4369
3005
2137
647
4044
2439
5089
2813
171
1607
1294
5293
914
3169
3734
4680
6182
3710
268
2105
1682
5022
2584
3319
6177
2788
3703
1319
5867
4334
5912
4354
4760
1407
2675
4953
2317
4391
3824
5411
1909
257
1539
5615
256
2682
3164
4477
3781
3223
3054
1722
2302
3273
3
388
4938
2571
3977
3415
3250
6147
6101
3341
4699
1953
2008
226
4460
5578
5454
3566
5956
6195
1483
2243
5214
2142
6014
3921
1547
4478
756
2256
5272
3042
2865
5195
1071
3690
4068
2699
4891
5508
5947
13
2742
5657
4830
3092
5760
355
711
1187
1825
6070
2970
4390
2274
2075
4291
6059
3808
1420
4837
5385
1088
4093
5441
3576
3356
5803
6238
1495
4100
4343
4465
5390
4160
1357
6220
2362
1448
785
4936
4537
5806
1540
6265
5008
3748
4929
367
2231
515
1248
6232
3707
2150
6143
3688
6037
1669
3318
3081
2669
1198
1311
5455
3432
2045
2247
553
1369
3832
91
384
2981
4678
2900
5869
2778
2387
202
427
3908
1486
5894
1123
179
919
5017
5633
608
2573
2365
1684
2007
1054
4706
911
3212
6028
1748
3307
5711
5802
3652
863
2312
1716
6130
3001
2254
4514
6051
5349
4506
4944
654
1764
1836
3932
2988
3880
1528
1842
4176
1032
5847
4626
5526
4389
4149
3195
1924
6010
6155
3904
4711
5832
422
4253
137
1051
3334
3274
1416
1601
522
4172
6045
2961
4165
121
1576
5672
3720
4520
3766
1652
594
5614
189
27
2829
6082
636
2853
2470
1573
3711
1639
1094
323
3316
3676
4208
4950
3973
14
4057
4869
6083
1479
1813
3047
3289
6039
3618
1845
5745
3560
4998
2620
3115
5473
902
4988
1862
4855
4018
134
4571
2983
3595
5650
1948
5244
5149
204
5484
3292
136
703
2366
6080
2825
3758
2096
1491
2376
805
5043
631
2111
4127
2028
5794
4212
5210
1612
3154
4790
4056
2744
3379
141
3143
3349
4648
3380
5060
4247
75
2384
983
2663
4467
2373
523
4952
228
5783
4385
4931
5261
3761
4820
2346
4611
2973
1691
2880
769
1063
5431
940
436
4409
2613
5569
5924
2436
5500
5048
5256
3256
5087
2360
280
5968
4053
3437
828
417
3414
3330
211
2583
4574
89
934
1761
717
3420
6086
4448
5587
2498
5773
2341
4242
376
4003
2095
113
2802
2976
4449
320
3774
1134
1028
54
