#1000
2693
898
5331
1862
3106
3975
4299
1847
5388
3039
2947
461
4017
5519
3109
4924
3058
1326
1394
2232
3212
1774
2524
3411
2484
2288
5397
2431
1267
528
2298
4211
2371
631
3382
3418
3808
5757
2563
5572
3304
3825
2301
973
4500
5890
6089
1044
1897
3027
3077
1916
4997
2767
1285
5790
3193
2902
4138
3997
3219
3255
4116
4198
2334
3087
4866
3815
3453
1827
4738
1581
6294
5917
1537
1399
595
5310
3858
6083
332
4639
3192
709
3099
2073
4574
4174
1983
3970
4196
5647
4121
1737
4408
4566
3480
2089
559
2552
430
4315
2865
3160
5646
6213
2871
1977
6106
188
5439
1264
2976
4602
4261
2599
4400
2318
4497
1371
2629
4172
2546
2897
3367
3578
4973
5052
4418
2742
3638
2955
3991
3967
2312
4653
5869
5784
2602
2229
2466
4891
6293
2562
6072
5726
3650
2835
4282
647
1461
2671
846
456
327
525
1717
2805
1435
995
1153
957
4863
1036
1012
2810
3575
4438
261
1749
5562
5732
1100
3145
2578
893
5941
4611
4931
1163
3895
1366
236
378
305
123
4375
1009
3974
2661
1584
1725
599
1566
1118
5785
5120
33
1042
691
3505
4986
4461
2307
4680
4697
454
3006
4922
6055
593
2727
3948
5681
6024
3069
3516
6013
1395
311
2066
3443
744
4115
4444
628
5399
6281
4811
2362
6261
6190
3496
3121
5109
3216
2231
381
40
3126
598
3907
5623
2564
914
4415
4162
3831
1548
2836
5084
5632
5704
2580
6034
1872
3861
937
4048
3850
3551
5633
2598
1498
5100
1757
2922
5497
5273
4816
760
5148
4787
342
1502
3811
6172
2174
2855
1765
5136
359
2142
638
1164
2442
2258
2513
1695
5250
3184
655
2042
4782
6080
2175
4617
5376
6247
5181
2613
1027
815
3840
4018
3702
1001
4624
331
2837
1919
2491
3533
445
2618
1478
3857
5080
3995
6277
3420
5721
5983
730
3732
4231
4603
3878
3565
5167
113
5795
1339
2260
830
662
5220
59
3393
2333
1964
5085
1351
2068
1122
3361
1374
4240
569
923
2197
2224
3709
4830
5571
5488
2283
3778
1160
244
2425
6047
3474
1573
4376
6296
2753
766
2615
3245
4545
0
5938
2305
781
5596
749
6130
6088
1789
4619
6108
3409
4779
419
4705
2668
1080
4759
5990
5394
1560
4755
3980
4204
6225
2860
4776
362
2777
954
4960
3067
5465
4629
1520
874
4859
4145
4934
3787
3879
6215
1580
2952
5910
5139
4001
4360
3384
2453
1213
3647
5934
358
1523
551
527
1681
439
231
1237
911
2669
3076
2812
5292
2252
3757
2239
4577
788
3959
3814
5081
3860
4040
2527
969
6258
3678
293
4101
2654
3031
4281
65
2154
889
5436
3405
1096
5269
3873
447
5342
4404
5761
1979
2133
5981
2010
2992
968
2636
2178
3666
5929
2533
1287
4157
3143
6064
5849
667
2504
5275
4581
1375
3187
1719
948
5741
224
5030
3463
507
5423
987
3197
5999
1107
2981
2350
1596
286
4649
4897
1294
4051
5768
6126
6018
4900
6232
4546
3403
5987
5899
3273
1944
3922
3329
2408
387
3836
5847
4650
1629
6104
60
4409
6206
3437
1074
3960
5824
6204
2257
780
666
3072
221
336
1601
4021
3911
1545
1217
2827
590
1892
246
4941
6226
6113
3426
2697
5729
2141
4909
1034
6202
143
3298
3341
4921
5184
1329
5556
1843
5799
6110
5695
4150
2292
2604
1635
4520
489
5179
4790
3867
5143
449
3908
5958
4322
85
4213
5805
1105
3007
1103
688
514
3631
4098
4212
3592
4352
1322
4498
658
1953
34
4799
44
205
2245
3158
3101
6310
4641
3910
2721
3806
4177
4561
1967
5839
4190
3713
3880
799
2185
2685
2048
6120
4942
3309
1453
2998
3347
5946
753
5708
3594
1728
3511
163
1417
3398
2113
4878
4251
5001
6052
578
3898
4952
3461
1408
165
5993
1030
3755
4220
5002
3467
4756
4721
4959
1795
5788
4230
1215
986
4714
3738
5359
6302
4368
888
1488
1104
5590
4597
5806
5879
4622
1389
4462
2390
5200
1039
4080
4446
3791
2923
2592
4719
798
5201
174
4710
5671
1572
96
4833
5472
1973
768
2432
4532
4328
3169
1913
4791
3954
416
1555
5511
4899
208
1606
4555
2065
5452
398
1194
3498
2273
1256
4645
1508
1819
3025
4308
828
576
2458
3813
5019
3321
2771
4200
3587
767
509
1108
5334
562
2903
4429
3682
6210
4842
4507
3029
4654
5953
2236
2460
2839
5653
1413
5538
900
437
3746
3641
3657
1236
4806
1861
5251
1404
4817
2507
1602
5054
754
2748
1477
1909
472
1908
6254
1709
4015
689
5263
5421
4549
4406
4945
4542
5076
5901
1641
1263
3591
6196
4303
5524
5537
237
790
5753
6309
3585
4880
4499
5016
6045
5797
2813
3250
1500
4583
1121
2785
3066
4077
5330
605
5291
5846
901
234
2579
3234
58
3030
1290
4436
339
5668
361
2274
343
5842
5971
4192
5098
6177
3397
5510
1171
1620
4655
2497
3000
88
144
321
1210
6211
2355
2911
374
2725
48
5603
154
1112
2560
2516
145
1337
4873
3976
2901
3869
1763
1852
544
2847
3796
5017
1306
2971
6062
3716
5170
3362
2488
964
400
3358
36
970
1731
3330
770
6118
1989
1499
3483
2155
4766
6014
609
3015
4870
5173
4544
568
3964
4868
1656
3946
591
5944
1273
2906
632
2205
3211
5009
2872
6278
2347
5751
4855
2967
3627
1510
723
5217
960
25
5422
1879
4874
1689
5365
5620
300
6091
2973
1992
4493
5542
3311
4848
4802
1563
5966
3536
2096
5386
2222
5360
910
3539
3843
4599
2038
844
6154
6189
3266
28
1336
3624
17
1014
2683
2887
4946
3449
3535
1428
1549
3728
5514
862
3050
3057
4955
2858
5942
587
548
5156
2214
3424
4751
5441
255
6227
3124
4470
784
3380
2311
3064
751
1665
5614
1956
5759
4037
2310
5973
1518
5091
974
