#850
1554
1625
16
1967
3521
1868
1901
7893
6492
3864
851
3881
3264
4738
7038
5020
3000
7997
1006
6905
311
7403
8390
2100
4248
5644
813
2036
5214
4357
3343
126
4872
7395
7035
302
1360
3819
5673
263
5491
3107
737
2370
351
7190
6626
3167
4649
5578
1640
1400
3918
1046
1580
4171
1841
8118
8257
1466
4970
3673
2356
3053
4520
2855
676
3732
1458
2160
7271
2109
1053
7763
1146
7044
5699
4660
5326
7555
5628
5299
5586
5160
5145
6529
6511
1013
4367
5795
3873
4264
5717
6202
7535
3349
7353
1784
2499
1845
6878
4915
2443
975
4495
1838
1642
3020
2723
2860
999
895
7151
3137
8036
5698
3775
2432
3887
1275
7508
6685
1739
5942
8317
6377
4195
8365
3154
5163
7720
3899
2240
6358
4626
5488
2702
5938
7187
5948
1832
5899
5994
8135
6220
4281
2713
1789
3439
4964
8244
6342
3002
7842
6473
1448
1249
7182
1564
5248
3304
5990
4211
4784
1867
5452
7828
3563
5889
2210
3730
7740
4235
2134
487
3865
2096
7900
2721
1498
6403
3587
6805
3552
4194
5744
814
2533
5249
5608
1855
3750
1420
4246
4286
5886
4307
1148
3578
7382
7404
5180
2308
7247
6972
940
673
3162
3023
5890
7738
6497
397
6881
3748
8090
1225
4000
919
3974
6922
5293
5525
2426
7266
5871
7699
1191
3620
4604
5472
313
4078
5756
845
7212
5049
573
6652
8064
3988
5552
51
1591
1629
6673
7396
7435
3595
1417
2410
1133
8213
2249
6936
6135
3032
55
7460
7329
3962
1758
5415
4821
5541
4441
5984
5786
4931
323
3686
1408
6539
1565
4326
7860
3413
3930
1639
2716
8146
5864
2368
6848
7359
3960
1728
8447
6611
977
1631
6251
8488
4909
5200
3491
2471
8171
5113
6028
5796
1277
7876
6275
901
6126
2474
1015
8243
5974
2876
1315
8054
1219
5251
5782
5140
3975
3461
1030
3901
6722
3554
7338
7605
3266
7784
4569
2050
5556
1180
2823
2883
4401
7613
6482
709
1874
3618
1927
203
626
1829
7140
3481
1619
947
1680
2450
7258
661
6520
7675
4757
2496
3273
5344
7069
1282
6697
5013
234
3235
1802
4376
2615
3813
2414
6764
5259
44
2914
187
889
2270
7115
810
5739
2359
6772
6113
1693
1124
1183
5275
2051
1788
6037
5238
7931
6546
775
7154
5603
7710
5464
3858
3197
8355
2324
729
6892
3701
1942
2658
2569
2695
3529
7622
5072
4056
3866
7000
2904
3184
121
651
3371
2188
5769
364
4231
1760
6893
7360
809
7902
5870
3677
5998
5476
3719
554
5393
644
3746
727
6531
7389
4351
267
6788
2300
5487
1385
2790
81
6552
6181
668
3048
3237
1804
5119
4779
8165
5294
3325
2881
5165
4475
6730
979
625
839
6866
264
7408
5402
8422
6540
8420
3357
5195
3271
7653
3644
2347
4027
2477
5078
4811
5738
533
2554
4283
987
4622
8055
4747
8163
3876
836
2342
2858
3952
3964
375
112
7834
6030
7070
6885
4
2688
4609
252
7045
3948
2826
7494
1416
7774
6605
871
7330
5729
6138
751
770
5517
5975
2132
8169
4570
5868
7625
1770
8086
1230
2575
6642
1093
4926
215
4311
1246
2755
8035
3133
4260
163
376
1303
2280
885
8202
5116
5065
6681
2400
7519
894
6460
4090
1081
1759
8481
5659
6372
5906
3687
4900
4614
3837
2494
6499
5443
1115
4868
5153
5150
5445
3991
4848
2293
7865
501
7824
703
3941
2028
32
6324
5205
6374
5641
7158
763
5978
1505
3006
2753
3216
6624
3724
4885
4563
2190
5537
2697
6683
3274
529
1811
138
8338
993
7971
8101
3062
2666
4328
396
8187
920
2020
5386
1528
2495
7302
6559
3776
5821
1080
7099
1664
2899
245
1972
1597
7719
1800
4243
1197
1489
6535
874
4708
3252
4282
4404
870
822
3050
3392
1383
926
3507
7647
309
7484
696
6896
2320
5351
1279
797
4059
5036
247
2187
5502
2354
7691
2391
2962
389
6209
902
2257
1257
2749
5542
3637
3888
2323
2528
4085
1557
2612
3099
1247
7916
817
6571
962
5624
4635
1441
2602
4705
4469
3814
1272
147
1138
1723
2990
6062
3003
7766
3070
1134
7726
4411
7850
6407
2492
6966
7546
1617
2808
5946
4207
2080
4104
3862
618
7281
7845
4291
356
4212
2351
2598
4349
5566
4020
6422
2291
6983
4730
6564
6043
7966
1671
354
4658
1786
2961
1949
2071
5070
2987
1567
3906
748
3761
105
3165
4148
6466
3723
3239
176
5550
1861
3973
3277
3500
2765
4363
6023
2084
7285
4255
3448
6127
4304
2620
5580
3810
1143
2842
8031
670
449
1481
8312
5401
6219
6818
5297
7712
6629
8423
7736
2809
517
2488
5778
446
1585
5735
3096
3303
6928
3923
6068
7501
1173
1853
3440
314
8120
6012
2840
463
8034
2934
4927
2339
4772
7730
4268
5776
6064
638
1027
211
4387
2893
8151
3095
4247
4530
3726
7786
3541
1533
3202
6622
1122
2180
6572
2023
5620
2285
76
3924
6042
910
7356
6002
4156
2519
3903
6039
4409
