#350
3080
2523
2497
1295
2398
145
61
2974
1096
1643
453
2348
1913
766
1892
1654
414
2988
521
1473
3370
2778
137
1911
248
1208
1868
1629
995
2654
1116
1607
1383
3317
3479
2695
744
2026
3459
1588
1605
760
1687
1415
2833
1686
437
1285
1105
939
554
2817
3082
258
2456
2249
992
2323
807
3070
3389
3229
1267
2447
664
3460
316
2225
1115
958
3439
1735
1563
1111
870
2840
2029
1790
2767
1130
906
1162
148
3114
1250
665
2414
1333
932
1780
1448
3462
175
3279
1086
151
2665
65
2808
69
1888
2648
2780
165
1622
212
1818
2236
1655
45
3207
2576
1783
1807
1327
2910
79
1024
820
2515
2984
656
3465
410
2425
2402
1035
230
1233
1733
1358
2273
3332
1674
2850
1066
3402
1311
2916
778
534
940
897
826
908
259
1754
267
938
827
2578
1501
2480
3021
1491
2652
2415
2616
2014
3312
1305
2882
2925
3231
459
2755
893
1576
891
2075
359
1097
463
347
3386
1378
29
3376
1623
3494
585
152
3145
3377
1376
2865
2117
1669
323
3041
2050
2325
2756
2641
199
1699
1981
582
2305
443
2235
2586
3289
2876
2530
3173
1993
2868
2164
2570
2380
1178
2151
523
1531
2469
810
1568
47
2148
3482
2121
1566
971
1489
2678
519
1328
406
1811
467
2462
1820
2277
146
185
200
3137
3057
1160
1750
2788
2217
1867
3477
447
1093
2731
493
1657
1348
3189
480
873
3483
2228
3423
1954
3457
1126
2732
3147
1077
881
2907
2849
889
2499
1025
1470
3267
3300
2687
3006
1627
2171
2234
1799
2769
2821
2758
2927
1269
3440
2068
1331
888
2094
334
255
1836
2766
1787
2410
2419
378
717
2965
3004
3011
2393
1721
1978
3130
711
1169
1547
1325
2667
3308
3330
840
2710
3360
2752
1127
236
3043
3209
2749
2025
2717
933
1355
2186
2836
53
2202
2848
1944
446
1371
964
1065
608
160
3306
1235
3062
2838
397
2102
855
706
3303
553
1106
2939
1681
81
