#550
4373
5260
2677
4225
1010
969
1434
2355
3273
24
5485
1088
4417
2706
5332
3956
2863
4653
271
2739
2110
3479
1210
354
1392
5269
3597
4223
4841
4576
3413
2035
1771
262
2433
3356
3396
2671
2519
1671
2915
3855
4563
5076
5328
4322
2513
1719
4779
4772
2609
1336
2004
4057
3854
2365
1892
2832
2291
3909
4100
680
4783
4138
3970
29
830
3882
1240
1376
2089
42
4401
397
74
1499
5437
3957
322
1563
2578
119
1550
5121
3481
3937
3508
3144
2144
3809
105
3486
4251
4842
1021
4394
921
3774
1634
5475
5146
3547
942
4317
2860
5158
1845
3091
3538
1008
3827
2760
2449
3208
5166
1281
2546
2215
2356
285
3403
1167
4685
2767
4164
2941
367
1197
2101
1907
2532
2220
3065
3417
4132
2743
800
5459
855
4448
1605
134
4433
817
5327
2523
5008
4481
4353
2252
4326
4808
3
5313
2512
3650
5373
4958
1413
1611
5468
293
3881
101
3863
5165
3905
4131
5198
83
3751
4443
3555
3477
575
73
5451
1989
2071
3040
4455
1665
194
4999
894
49
4416
1819
468
396
3776
1775
821
731
1770
2140
647
5438
3490
3836
1351
4741
1208
5114
2756
2231
3014
3785
1824
1942
1244
1184
1507
1311
1027
615
3513
2851
1604
4935
442
4586
314
1189
1172
3978
111
3952
510
3077
616
3578
4213
758
2198
4656
5220
2245
851
5070
1342
2509
3031
3733
3067
2219
167
3624
1648
4711
4294
324
4249
1574
904
4288
5193
2121
2241
4020
4227
4342
2709
1175
3866
2730
3020
4885
5382
1313
2068
4232
4480
2932
572
2662
3060
4611
2470
2650
2094
2540
437
3158
3092
4231
4181
5124
697
1668
5255
2645
630
2581
3250
4652
5066
562
331
3788
5466
3611
5492
686
2740
1731
5035
2483
707
1498
5456
5318
114
2318
1469
2389
2214
3581
2822
254
4372
2781
5370
226
4821
1164
2332
4602
3964
2619
4215
4505
4073
640
5037
5389
1428
5203
1009
5085
3781
3935
5420
1264
5453
1528
4706
4067
1472
2024
4919
1031
228
1939
3095
4687
2462
611
3141
3052
137
1928
2141
3773
3725
923
3685
2799
3629
4004
1139
4176
4095
339
216
5359
5356
2307
4513
4307
1521
2552
646
3880
896
330
4226
915
3379
2244
179
1506
3262
1666
4313
2404
4078
21
793
1047
3681
2652
1442
1337
4848
1590
838
4066
2835
2340
2605
815
3941
4712
323
1315
3423
4635
148
1677
2946
3233
5042
720
3480
5413
3655
177
1872
4799
1408
5129
555
4358
2188
185
3619
5218
2783
1501
436
1586
5077
936
1424
2547
905
2746
2747
2961
2484
443
1075
4193
987
2888
614
2229
517
3164
704
4
2080
4337
3279
3427
1328
5048
3449
1343
3502
1170
1834
4865
1228
1709
2966
4502
4592
4503
2411
1544
3076
1555
4920
3699
4450
2748
3325
2003
5375
4059
4510
665
548
1326
3613
77
5341
4331
1417
3630
399
988
4619
4740
5088
4217
897
809
2268
4755
1610
2405
2396
3199
2575
3136
4915
929
2868
5385
1516
4229
1530
4425
4989
2804
3851
4846
2082
628
1477
2838
2918
1288
2907
2236
3961
2814
2692
4670
3921
4851
4580
4988
2217
4258
438
1526
