#700
6671
5098
2613
1561
452
1583
6444
5912
187
6993
166
5988
2248
3724
5709
1336
2963
2247
2959
1879
2537
3190
2203
5542
4087
3145
3950
3859
1230
4528
848
1532
3382
500
5724
1204
531
4431
1799
5665
2013
5544
4206
5128
236
6036
6202
6960
5141
1828
265
1099
20
1839
1242
4129
959
6201
3385
2664
3332
6157
2884
3886
2711
2782
6350
5059
3488
3018
877
2363
6985
4996
5462
1813
819
5625
280
161
6532
2629
2220
4646
6225
2902
3989
5767
2399
2553
2224
5684
34
3769
5199
2582
1547
4683
797
3154
3244
1993
1125
1417
6039
2727
3851
4286
5720
2653
6417
2301
4314
5869
6426
1427
5461
4236
2839
6989
4826
6292
5002
3917
2776
6595
1562
5513
1182
2160
4448
6275
1258
3431
2914
1962
2809
42
4371
86
3783
1278
6143
5547
3505
1911
2341
1519
5260
4503
1700
4576
3642
6423
2318
283
4031
2588
3903
6709
887
665
2161
4411
6874
5038
3830
6339
4756
2467
405
828
5558
5152
3715
114
6789
6438
5640
6501
5470
402
5338
1843
81
1220
1196
3387
1297
2230
1682
4603
4384
5860
6848
1838
4797
5509
3467
2222
5353
6240
6948
5214
2820
259
2487
3873
3269
457
5306
997
6404
1261
1181
1836
4498
1916
6575
3734
5139
561
5028
3869
5942
2585
4409
2590
4166
5629
5578
1529
6372
4378
3828
6736
1835
6370
5247
6203
5060
3140
2698
1009
6382
4178
953
4329
6161
3584
3102
3462
2504
1257
227
5411
6714
2544
1465
3141
3314
5698
5109
3134
602
2786
609
2944
170
4981
2550
5476
5788
1767
1355
6431
4213
2449
5189
1882
4182
6580
1019
3240
4195
1395
4243
4551
1840
1721
6188
4396
3499
367
6276
5192
3641
6135
6323
5541
988
155
4614
2406
3159
2052
19
4047
4716
376
4681
919
4477
2170
2021
6504
6028
613
6541
5686
1056
76
1657
382
5329
6259
4842
4560
2966
908
3503
4488
5360
6894
4294
6756
4999
5337
4165
881
4532
3423
5305
3260
2306
5723
5887
3512
5277
4093
2447
2310
6453
4264
985
5284
6830
4837
1704
6842
2068
3156
2026
950
5439
3308
1680
4942
2864
2591
2069
4295
2859
5516
398
626
4885
6763
5426
4473
5838
6802
6565
3045
4652
2846
1772
1981
4935
6102
3247
3067
5206
5708
6045
2490
6510
2802
3135
2162
5288
5165
1383
4949
1783
6304
1425
965
4919
346
3002
4317
4660
3670
6846
6494
2999
4897
727
1284
4229
480
1385
4803
1045
6607
5341
4961
317
5171
226
6851
4871
2885
3839
2486
5716
5921
6547
538
3212
1154
3750
1476
1037
1598
4092
6944
1842
5219
1948
2355
3496
6330
5372
5147
493
1807
3115
3954
822
2708
5519
5514
4644
2847
1619
3912
2826
6280
4320
6615
6009
3897
5100
3230
3910
331
3539
2637
1349
1403
5832
5562
3194
1152
2870
1008
5054
3613
1052
3867
6194
2296
1168
3270
6939
6317
3937
4296
1291
5342
1824
4547
3588
6258
708
4230
3039
2979
1751
6164
2887
5500
6558
6716
6778
1969
4334
795
5302
4535
1988
4175
3744
2855
571
716
345
2940
5715
5293
2458
6034
5249
3719
3962
4463
169
2225
304
6098
3288
2743
5144
2275
4997
65
96
6010
2087
2710
165
3777
6345
4070
1025
136
593
3278
4682
1267
4982
6823
6896
923
3361
4591
1507
1279
6978
3571
269
601
203
5179
4607
2131
1728
5143
648
197
451
6793
5364
6193
5951
6552
4441
6030
5664
6284
4365
3011
4381
1172
637
2356
4308
633
6306
910
1252
4969
5036
5504
6440
781
3342
6909
189
6633
2749
1970
2943
4864
4300
423
4608
4571
680
1996
3994
4823
310
1461
6670
3073
721
3815
778
4080
687
6806
4602
3119
4811
4061
3310
5642
6754
1467
403
6439
440
1625
5475
6880
4663
6154
5043
3767
4633
660
6011
6103
4198
4768
5083
2197
6779
5628
550
4429
4471
6971
5328
4310
1548
5399
5078
3142
1364
6844
2945
5204
5757
4499
4654
6833
1346
4656
3160
1743
2535
4248
4978
1453
3779
4973
856
3328
3153
4285
3821
3091
1881
4689
2518
2124
