#300
1959
2353
635
1934
2478
965
2783
727
2565
1108
2329
2237
2760
1970
2542
2611
2155
483
280
2369
1816
974
1275
2437
602
1170
2956
1269
821
2149
967
440
2370
1263
1710
1369
1689
2130
2849
574
128
2558
388
2256
1674
2102
2529
1313
85
1472
825
285
644
738
2665
156
2302
127
2483
786
2083
2288
530
336
775
690
2226
1850
2036
158
1527
615
784
1813
1140
1603
1437
552
1834
26
1065
1347
78
1135
904
1483
1212
2065
2669
1234
1526
2407
908
482
1290
302
1141
270
167
1208
2649
1507
2506
1800
925
619
1328
2019
731
1741
195
2248
2713
1080
2159
19
807
278
1518
2343
894
1903
1972
282
1809
2204
2959
1768
2090
729
758
151
1218
2098
820
2176
2082
1005
306
495
2910
2282
2235
2044
95
2162
1499
930
2548
2602
1407
2667
1572
1829
1056
2915
2053
2418
1272
2081
2315
2262
35
13
2648
960
2710
143
1580
585
2406
1784
2687
237
2962
27
1378
2837
294
1
881
2570
1477
1116
2833
2203
379
2039
1393
77
55
122
30
2461
176
1091
2338
1279
1536
1532
2446
75
2829
1721
818
2132
393
89
890
2453
1077
565
828
1684
481
1544
2877
1468
962
2927
2680
836
1755
2740
1095
1976
461
2809
633
779
761
621
2942
132
2812
2934
1408
247
2011
1521
1330
244
135
2656
1429
2052
283
752
174
2646
2354
1668
542
49
1351
833
303
2349
1646
1655
2944
355
2359
2498
717
491
1143
1846
705
406
104
750
1831
2509
2027
735
68
906
2114
401
118
2195
2637
1493
2845
2903
2050
497
1647
2996
1192
1280
188
2577
240
1842
1861
1593
1615
340
