#200
255
1501
693
168
1568
1304
1540
1117
207
261
1826
1049
893
1288
460
840
1499
1660
748
1638
1307
1673
1948
527
32
847
810
1107
324
1976
1360
1021
778
901
734
199
1943
1980
651
360
668
143
1651
679
1205
1679
195
1578
686
82
1506
1406
891
1955
1674
1064
1836
1934
1048
222
594
1528
34
96
1725
477
499
642
1016
1833
138
371
829
1693
406
1876
1410
927
1287
429
1798
1954
284
622
641
1128
971
550
1078
1965
1574
738
230
1861
1057
1066
198
814
1190
1364
1202
1531
1221
419
403
162
1450
1484
1214
1985
1258
377
228
1353
1834
29
76
254
848
86
165
52
956
1803
805
1333
336
1325
478
1289
1140
1421
1395
470
1583
404
476
1992
12
497
364
1678
690
702
1145
931
662
294
1315
299
714
1522
869
1971
904
1916
1368
1050
176
224
968
452
959
1850
1348
1946
1498
867
523
466
83
856
1411
54
615
1933
332
1488
1908
331
1559
373
1022
264
1792
818
742
773
574
490
343
502
1201
1702
616
937
1724
1794
791
542
