#800
2687
565
3014
5852
2171
6789
1660
4430
2470
1301
6463
7441
1695
2016
4704
417
454
5580
3176
5291
2679
6433
6653
3997
4510
4751
1334
5973
675
5818
1450
7792
6209
7138
5664
2734
5353
4921
3484
1060
3547
2818
2972
2055
1458
524
7573
2942
2739
2129
1464
5223
6537
5584
1697
380
5040
2965
4878
3278
6926
5319
2519
1120
2005
5124
150
2291
331
2776
697
7059
5227
6211
1195
4296
2552
54
273
6009
3627
763
5837
5001
3862
6854
5348
4521
5370
6976
3767
6200
3577
1031
2081
4393
7641
2524
3371
7377
7108
6202
5684
6306
7505
3201
7170
6646
3240
4690
3268
5210
1769
1842
112
6916
4091
260
7299
1201
3663
340
6902
7475
6552
2914
7285
4438
7346
6666
7955
5635
3335
3993
4599
5182
3011
2069
742
1755
1043
1331
3399
105
2753
6928
4302
4157
1245
3735
2344
2312
6981
4661
2924
1387
1310
5977
4047
502
3650
2528
3953
5913
2355
4667
1418
2299
2860
7567
7195
7369
4560
3251
2033
6455
4143
6642
3449
7455
7391
5025
359
1982
6361
2825
16
7315
259
662
1553
2674
6945
7178
154
2023
4812
4144
7575
7723
2015
2387
4797
7919
6684
1092
1364
3498
2789
819
6651
2240
2544
2494
6597
3670
6964
3423
7811
3507
1874
1162
660
4379
1613
6999
4214
4719
7512
4202
569
299
968
4486
7122
558
7293
7842
6295
7246
5691
7823
552
7928
3226
6271
4469
5461
3924
7381
3736
6323
4605
6288
7791
7053
338
2042
920
3987
5879
3389
7459
1676
4670
4488
5934
29
3707
7123
1729
5369
4073
7021
7735
783
7365
89
2451
4483
6187
4772
4884
2411
115
667
7057
5765
4685
1185
3646
1274
2351
3737
245
2541
2178
1752
389
2281
6462
163
2549
7664
6968
6248
6848
3420
854
6685
5444
7283
279
2727
3129
651
3269
1374
2929
6413
5624
1963
683
7716
6038
1141
2241
6045
7348
2204
7215
2239
1233
7250
3629
5285
3858
5307
1672
5242
3590
216
2265
5435
6302
5557
581
4145
3930
1830
3811
345
3085
4006
7974
1770
1548
398
6010
1800
2889
4242
82
6901
4625
7878
362
866
5049
1285
6516
3780
4907
7166
7037
7608
6153
4641
7379
2823
5486
3162
3804
5833
6784
7793
5340
2465
5920
6266
3022
3957
422
4979
6154
4395
5674
4925
6291
6771
4756
1876
7935
6992
4638
1119
1414
3820
6283
5807
5613
551
7882
6417
5596
7261
5059
1818
4721
1669
6374
4692
3074
212
1385
1300
1404
3821
2985
7341
5207
6924
1658
3844
5620
703
7360
3749
2248
1881
7393
3980
1010
1804
4227
5759
7316
7218
158
2480
3020
892
2513
617
3018
4490
7063
4101
6109
3753
6662
1668
4850
2626
1609
4093
2738
7227
1810
5847
6446
3186
2665
6466
6938
6500
4140
761
6768
3431
6088
2856
1380
4569
4245
4008
5861
5497
1694
6766
2840
4879
7494
4203
6879
1809
2140
5798
2429
2277
4806
4122
3223
7556
6149
3416
7977
7831
6975
1550
6936
2853
5212
94
1018
214
2324
1133
4212
1422
360
1416
7295
34
4575
5644
6520
7319
4874
7115
3230
1958
1241
3658
2570
4317
6881
6182
1940
5505
3363
1273
4183
7511
4648
4894
2772
3438
2560
5154
5251
20
4059
5439
7126
501
5240
7934
7786
2363
83
4282
7042
80
762
1472
6749
3490
5103
3836
6220
2697
6807
4142
7602
3397
7046
3232
4886
3378
685
2774
1763
3682
7335
661
7282
7417
6627
4404
672
2198
5129
7543
6743
3557
4001
5316
4186
833
5864
1530
2189
7474
200
5137
6956
6242
6833
1710
7269
7410
4954
6474
3109
596
1870
4593
4105
1323
2795
7901
5713
1172
2245
6309
4691
6719
6883
5871
2857
2604
7418
3013
5474
7537
1689
4702
449
3546
2283
489
7776
4742
463
1591
1289
2124
4674
2607
5281
3615
7181
2089
5479
3434
7147
6262
7481
2063
494
2711
5117
2403
2212
5386
7005
1872
4465
3666
6820
6487
3808
4911
5940
3353
7808
213
5161
4345
100
5661
1105
3542
6479
5034
2469
7274
1993
2126
7143
7578
5728
2058
1188
5985
3974
4694
3100
3083
3868
3421
7816
7832
5089
3475
7857
6701
2090
2650
1045
3911
7268
6378
1152
4768
6648
4412
6480
1055
111
1849
5015
5303
851
6590
405
4266
6063
7312
621
4546
2680
4332
1708
1409
5501
7431
6147
79
110
2386
6346
6645
1834
547
2771
2481
3290
921
3637
5035
6707
5910
6032
4045
2174
7225
5563
7209
5641
837
2666
1207
7032
910
1563
5289
4627
928
2911
1955
5076
468
559
3313
5167
1236
2464
6389
1994
3989
7964
3919
5101
1607
1260
5578
3390
7775
1099
4098
2816
7148
2766
2332
7871
4935
7142
6002
