#600
3835
1029
1165
1317
2014
3233
26
887
2045
5650
2752
3693
4766
756
2599
681
3794
2534
2393
3762
32
4017
3697
5236
2231
5684
5554
3587
4163
5975
2412
329
3206
459
2715
4062
928
1424
279
5526
4279
2733
5824
4344
137
3077
3001
1081
766
3307
2419
1421
4728
2553
5978
534
3998
19
334
1971
630
1314
3929
1644
4090
5872
4110
56
5657
4584
5388
1896
3381
934
3061
1121
21
4633
528
3743
445
5679
2039
4834
4775
5494
693
2983
5066
4800
4909
3844
2146
4994
2728
3376
5286
5230
3902
1221
3695
2542
2073
5402
5018
3901
1208
4086
778
145
3341
4261
1351
583
5618
2654
5735
5390
5339
3108
3275
2714
5747
4978
629
4447
1011
2701
1284
4933
2671
3120
2770
3386
2359
5757
4601
2186
3533
2826
4558
1862
501
2494
2758
888
5212
2853
2360
3479
1135
5042
2691
267
2994
5267
5883
5504
2961
3464
1243
1259
4533
802
1224
2162
4477
5008
3850
3696
1501
4602
5659
104
2221
1348
769
275
3406
2418
864
231
1393
891
760
412
5380
3849
3526
405
2910
5475
2126
5973
531
1150
5996
5161
2717
167
4130
3331
1089
2086
2917
3869
2868
364
3069
3410
2764
673
1779
4897
4759
1576
4205
5931
5946
1713
5508
4567
3407
2099
5621
4459
2971
2017
4371
2843
996
1827
5903
287
3841
725
1917
93
5853
1748
5398
4189
2161
248
2707
2747
5948
4974
2275
5643
1256
5937
4877
207
1875
295
5182
5005
2142
4977
963
4657
3546
4671
2937
2194
3
219
2457
3004
2845
4079
209
5013
3935
4810
3332
3921
5449
5242
2555
4507
4112
2383
1767
1019
2690
1672
3288
3836
3124
2896
2195
1489
601
2246
4548
3145
4634
1194
5438
3584
3102
4845
1320
4741
4419
272
369
4821
417
2657
1484
5012
5219
4092
1883
5121
4113
2545
4190
5732
2022
4314
2058
4862
1050
3613
816
2756
101
3842
2517
2516
2000
4180
3269
1709
870
2745
3814
3179
2836
2044
1042
4901
55
5615
3723
3991
1521
5476
2611
3209
345
2614
5831
5416
1455
5819
4936
2472
4449
704
4731
2898
3066
3424
1375
4174
5142
3592
729
3694
2237
3700
3872
1434
1032
1727
3992
4866
5728
4950
1638
1578
5297
4828
3241
2141
3118
1869
474
3830
3116
5404
4023
4101
5647
2858
2430
4653
609
682
2916
2391
2719
2489
577
4239
3759
2833
491
15
5307
1148
1022
4230
2801
180
4095
4172
2468
5304
5183
5619
2296
4985
2475
684
5206
1895
1290
4729
2219
2362
449
4295
5322
3577
829
3159
4202
3369
5016
1218
1356
4742
5782
4087
25
2349
5785
1918
3507
4072
2703
273
814
2739
4859
5770
794
4644
2214
62
3250
5156
4080
4826
5190
1759
898
5362
195
4430
1786
1014
124
1652
1347
2500
5729
2291
1847
4855
3561
4278
1026
1799
5784
789
5057
1131
332
442
3423
1312
4437
3519
3462
4667
1158
1558
1331
4962
2977
1288
290
2751
890
4207
5884
2571
3389
3877
4302
433
1054
3056
3608
2760
2673
1675
235
1503
5566
5751
1877
337
1830
481
4201
1380
5235
3443
5912
1756
2476
4555
4665
1617
1679
5513
2116
4341
2303
4726
694
2026
3825
2269
3053
1090
4960
2312
3741
826
3140
3669
1978
5568
2250
5745
506
771
2960
2273
4538
566
2995
436
5777
2734
4064
2569
5303
5237
5688
3646
533
5981
3666
2929
5581
1235
820
2590
1087
5664
4335
2887
982
2324
5510
591
3399
3737
388
4557
