#500
4192
961
941
3392
3258
3997
2738
2494
2690
3026
4692
4663
4921
232
512
4287
1599
1078
3511
2717
3403
2974
1600
4202
2360
1087
4
704
3987
2688
4371
3115
3395
4802
2694
2106
1488
2004
3982
666
4408
3300
1913
1338
3206
1902
2925
1308
2033
4201
4476
1759
2149
1240
3841
104
1764
3514
4431
3575
3735
1128
3659
4792
1430
2541
1819
4146
163
4091
3545
1437
2842
643
949
2947
554
2678
815
1202
4874
34
1504
4762
2027
30
1907
4598
4994
16
4463
4420
924
185
1864
496
1099
1598
297
823
1263
8
2860
1796
3930
28
4803
1422
4538
3651
2765
4481
4722
1392
4186
3564
4137
1694
3526
4631
4525
4986
4916
4847
2887
662
3891
3730
102
1890
370
2991
4353
1814
1556
1468
872
417
1562
559
284
433
486
4029
2745
2280
2123
405
3091
4264
3728
2634
2669
2889
4602
4364
1397
1702
1251
994
4775
2767
734
3221
4720
1046
4935
3513
3918
4369
2304
2876
3802
4046
3509
790
3449
2696
1096
2487
71
4640
1941
4372
2886
4354
3466
1476
4635
1122
3585
808
282
2537
3524
1073
1555
3928
4491
4332
4114
2323
3996
4003
3945
4231
3539
3159
1496
1985
4075
2392
748
850
2222
1206
4820
2908
1532
1475
3151
3182
1943
572
1264
99
4653
3065
14
4680
745
2620
4135
2302
3493
1416
2094
2491
88
2125
3302
94
2268
3202
797
558
1458
4796
3812
3001
54
1386
1044
907
4515
293
3476
4995
942
2919
733
997
2345
713
2506
4348
1695
1557
19
3341
4556
1937
2943
1196
2074
1054
2282
921
4008
987
434
2644
3285
15
581
3322
1929
3282
3400
3827
1297
1749
3707
3339
3670
1209
1131
4771
2241
2834
1282
2946
2650
4283
2176
1797
1767
3669
4042
4967
4458
1659
1686
410
1770
865
372
4210
1543
1451
2990
1484
2152
2165
530
3059
1862
1514
3811
901
3003
4818
3939
3389
464
367
3487
4679
3931
2847
2092
1536
181
230
4727
3682
3623
2354
2627
1781
4609
3077
1219
3405
2057
2296
1798
1768
336
2438
92
1919
683
1090
3235
4088
4344
2228
2739
3317
2489
3273
229
1903
4233
4327
470
1162
1569
4286
4664
3673
4942
3533
773
4401
4422
182
2348
2059
1290
2476
3536
3441
3965
2269
4517
1021
4701
3105
3063
3887
4632
806
1967
3627
4882
2546
2523
2955
4318
4733
913
728
70
280
687
3828
3120
2790
55
1309
12
3971
600
137
3158
3144
382
2264
705
1666
3946
3976
1766
2319
1681
2259
1534
1187
4166
4639
2422
321
868
3192
3698
3075
2806
3731
1776
2210
771
2226
637
4320
661
3837
727
1429
4152
2811
4770
1898
4902
4936
1706
1304
1976
4313
3224
2380
3081
4781
3718
4660
4718
2836
281
627
945
1181
2086
4005
4275
312
2129
1605
2854
2665
4043
1419
4462
2520
1110
83
3121
4157
4795
424
