#450
649
985
2319
2542
4220
2774
3544
1589
91
4271
1621
3971
2707
3204
3563
1737
2035
532
3642
4223
924
2885
2317
2512
2429
469
1647
2337
2582
1658
1173
799
3522
297
3776
1974
2162
2570
3362
1486
637
2283
975
3358
1724
1973
4280
1216
1234
3557
3644
1278
1229
3248
3693
1786
3207
3574
490
1839
1357
3967
3785
2372
2397
1728
627
933
1928
2428
2752
2261
4378
2769
720
937
3252
3794
746
2458
2810
338
2552
783
3851
4278
738
3577
58
2002
2252
3339
2010
2273
3782
2537
376
3277
3007
4063
4167
4395
3065
2102
3859
329
1277
480
1706
4485
2130
2189
1210
3536
4493
1342
2985
2976
212
1622
3471
4204
2873
1918
576
2234
2877
4232
2018
2560
944
2285
2260
2678
3122
2730
1000
3064
3633
1432
2951
261
369
2237
3992
2509
3037
3305
2498
996
1569
2460
2712
3306
2840
4133
2389
344
3479
4074
918
4323
1829
2923
2917
2524
2718
2426
1415
2607
2692
981
1930
3854
4439
600
619
1056
2167
2901
102
3734
4469
2082
1675
1954
3878
4008
143
1244
1225
182
678
2224
1670
90
4101
4077
863
2221
1741
2696
2149
4228
1852
2853
3680
3202
1546
832
4000
2400
878
508
2494
4292
2363
2371
2170
4328
4206
3954
1615
3241
4205
4431
739
3220
855
3353
1482
2057
462
129
3357
677
3401
1349
196
1797
4451
4464
4028
4289
68
1959
3830
69
850
2587
1703
1496
3576
1869
2595
4321
1137
1257
296
857
687
2833
3532
3907
3553
3313
2060
2212
2050
2934
1413
501
1226
2527
237
2067
246
181
1477
2408
1991
4335
2772
2688
4018
4054
4304
2147
383
1471
1168
3653
2924
2852
4147
397
3020
107
2075
1343
830
2743
1993
500
2993
1679
3253
1607
2485
1111
3531
2637
2674
2492
3108
1154
903
2617
616
187
2104
671
1625
2006
599
3981
569
654
1516
1253
540
3748
700
846
3558
2565
755
1678
3534
2318
3115
3062
1579
502
2744
4047
1005
2394
3349
4211
1104
3816
3619
844
228
2326
513
1167
3957
1854
2781
2025
401
2557
1299
3586
189
1018
794
2838
2343
2053
1886
2086
2444
3781
3530
405
1300
2395
2518
2829
3002
3750
2176
2109
1988
4349
3179
147
3591
1196
3088
1114
1977
197
1356
496
4145
2793
315
2312
520
3498
3328
1371
4371
2377
834
2725
2282
890
2132
4009
1268
3754
3216
2548
1463
3264
1859
2529
2064
953
968
2886
345
2195
559
3872
3155
3883
3333
801
1958
3096
638
1884
3813
3086
3503
419
259
3699
1006
3182
919
104
1121
2949
