#400
870
2502
235
2538
2590
313
1772
414
1849
1717
3831
3146
500
2500
1523
1146
3458
1973
432
520
2936
965
2562
3439
3264
1798
2005
3544
3947
1898
1336
164
2533
3979
359
2318
3059
1149
2828
2452
855
3145
1774
985
1555
2850
1407
1642
3120
1094
1365
1838
1017
3496
3452
695
1994
2146
3448
419
3838
3310
3756
2
1173
3304
718
2225
1435
879
1843
2187
2296
3347
3434
54
3991
2954
3694
1493
2917
2148
2751
3763
2532
3158
1197
3465
1790
2545
859
993
1418
214
1588
1999
2398
1858
3683
3131
2034
987
1567
2335
2021
2912
3862
115
698
1062
2406
2822
2903
3397
3352
3624
133
1563
2844
3712
1494
1589
2662
2835
1647
1987
689
1182
300
2557
2003
3315
1797
2205
2446
780
291
3673
1947
3127
153
1309
3199
109
683
92
3287
595
27
1971
140
1800
1514
853
600
3629
2767
2997
1404
3655
1164
2213
712
2724
3728
1158
3411
2959
2387
2978
3377
362
3946
2972
3212
436
3791
3980
446
2570
3299
3113
3650
3615
1498
2896
2574
199
864
1032
360
816
126
3097
2291
3437
1086
1287
130
212
2316
955
754
2170
76
2153
3364
2317
333
2666
922
2941
2817
1297
1136
3906
1332
3345
1029
454
1283
3222
1092
3614
3030
1389
3664
2609
40
2960
3349
182
84
3305
1616
1360
3092
575
2016
2952
2705
3884
1641
1207
3056
3869
3885
2297
2710
1302
648
3395
2257
2211
709
2931
1026
3478
2006
3346
3365
3036
1610
1340
416
1819
3071
2958
1944
3992
465
3826
3082
1933
767
2409
2807
2046
817
2664
1371
2113
1431
1463
2706
2103
2797
3999
2516
2863
3114
2171
1683
2008
2040
1856
635
1101
117
3243
1145
932
2474
2744
535
3276
3118
3998
2157
1139
2544
3104
706
3017
788
2990
800
2347
188
1069
3227
2141
3184
1490
3514
2862
3953
2995
244
2095
367
3217
451
3829
2906
3736
2573
1014
3812
3835
512
1547
2842
1990
3295
1497
3657
917
495
1251
3850
843
2181
1313
907
2794
3087
1714
3308
2196
63
3724
2856
1384
2748
3872
310
262
209
1060
3063
478
3713
638
2878
3621
2331
3148
2232
3594
1080
1453
1852
2700
1305
3771
2348
399
2100
3777
1
1594
2334
179
3617
1068
3399
2934
2542
2265
