#150
650
642
469
1228
527
616
266
191
498
882
814
153
1244
534
457
248
50
493
1243
320
275
935
1312
863
1485
554
1331
940
689
1115
110
486
218
139
166
1361
745
678
568
1358
272
673
1324
996
358
1372
520
274
631
591
846
785
1047
434
899
605
1418
1368
119
1180
122
342
443
677
292
886
817
1088
475
361
352
341
1277
575
1311
634
1044
1299
620
831
1153
385
1059
654
244
312
388
1411
800
132
1041
1045
871
1216
299
1441
94
780
682
900
1489
818
1057
24
488
665
1055
223
766
1367
941
1043
249
393
1413
1202
4
675
1230
533
660
1071
641
626
175
1233
1182
74
1271
880
1253
571
1350
721
601
1333
152
584
1175
845
494
860
570
1452
407
35
100
404
1176
1340
